time_stamp	px_state	py_state	v_state	yaw_angle_state	yaw_rate_state	sensor_type	NIS	px_measured	py_measured	px_ground_truth	py_ground_truth	vx_ground_truth	vy_ground_truth
1477010443000000	0	0	0	0	0	lidar	0	-0.033	3.0016	0	2.75	0	1
1477010443400000	0	0	0	0	0	radar	6.95323e-310	-0.0688389	3.18596	-0.022	3.0991	-0.1097	0.994
1477010443800000	0	0	0	0	0	lidar	0	0.0768	3.3357	-0.0938	3.4924	-0.2334	0.9724
1477010444200000	0	0	0	0	0	radar	6.95323e-310	-0.329741	4.47186	-0.2143	3.8735	-0.3535	0.9354
1477010444600000	0	0	0	0	0	lidar	0	-0.3734	4.2343	-0.3817	4.2365	-0.4679	0.8838
1477010445000000	0	0	0	0	0	radar	6.95323e-310	-0.709955	4.06507	-0.5932	4.5757	-0.575	0.8181
1477010445400000	0	0	0	0	0	lidar	0	-0.9279	4.8202	-0.8456	4.8857	-0.673	0.7396
1477010445800000	0	0	0	0	0	radar	6.95323e-310	-1.03006	5.05278	-1.1348	5.1616	-0.7604	0.6494
1477010446200000	0	0	0	0	0	lidar	0	-1.4703	5.3894	-1.4564	5.3991	-0.8358	0.549
1477010446600000	0	0	0	0	0	radar	6.95323e-310	-1.61459	5.57074	-1.8051	5.5945	-0.898	0.4399
1477010447000000	0	0	0	0	0	lidar	0	-2.3561	5.5926	-2.1756	5.7445	-0.9461	0.3239
1477010447400000	0	0	0	0	0	radar	6.95323e-310	-2.38335	5.95152	-2.562	5.847	-0.9792	0.2028
1477010447800000	0	0	0	0	0	lidar	0	-2.8016	5.8257	-2.9582	5.9002	-0.9969	0.0785
1477010448200000	0	0	0	0	0	radar	6.95323e-310	-3.57457	6.07427	-3.3579	5.9033	-0.9989	-0.0471
1477010448600000	0	0	0	0	0	lidar	0	-3.5739	6.0411	-3.7549	5.8563	-0.9851	-0.1719
1477010449000000	0	0	0	0	0	radar	6.95323e-310	-4.06463	5.83043	-4.1429	5.76	-0.9558	-0.294
1477010449400000	0	0	0	0	0	lidar	0	-4.5402	5.3349	-4.5157	5.6157	-0.9114	-0.4115
1477010449800000	0	0	0	0	0	radar	6.95323e-310	-4.47278	5.76545	-4.8675	5.4259	-0.8526	-0.5225
1477010450200000	0	0	0	0	0	lidar	0	-5.1263	5.0933	-5.1927	5.1935	-0.7804	-0.6252
1477010450600000	0	0	0	0	0	radar	6.95323e-310	-4.62334	4.1084	-5.4863	4.9222	-0.6959	-0.7181
1477010451000000	0	0	0	0	0	lidar	0	-6.1294	4.7343	-5.7435	4.6162	-0.6004	-0.7997
1477010451400000	0	0	0	0	0	radar	6.95323e-310	-6.07347	4.40868	-5.9603	4.2804	-0.4955	-0.8686
1477010451800000	0	0	0	0	0	lidar	0	-5.9281	3.941	-6.1333	3.92	-0.3827	-0.9239
1477010452200000	0	0	0	0	0	radar	6.95323e-310	-6.3881	3.70944	-6.2599	3.5408	-0.2639	-0.9646
1477010452600000	0	0	0	0	0	lidar	0	-6.1422	2.7882	-6.3378	3.1487	-0.1409	-0.99
1477010453000000	0	0	0	0	0	radar	6.95323e-310	-6.21028	2.55126	-6.3661	2.75	-0.0157	-0.9999
1477010453400000	0	0	0	0	0	lidar	0	-6.273	2.3835	-6.3441	2.3509	0.1097	-0.994
1477010453800000	0	0	0	0	0	radar	6.95323e-310	-5.70644	2.3037	-6.2723	1.9576	0.2334	-0.9724
1477010454200000	0	0	0	0	0	lidar	0	-5.8715	1.497	-6.1518	1.5765	0.3535	-0.9355
1477010454600000	0	0	0	0	0	radar	6.95323e-310	-5.9158	1.50484	-5.9844	1.2135	0.4679	-0.8838
1477010455000000	0	0	0	0	0	lidar	0	-6.14	0.7636	-5.7729	0.8743	0.575	-0.8182
1477010455400000	0	0	0	0	0	radar	6.95323e-310	-5.42937	0.534297	-5.5205	0.5643	0.673	-0.7396
1477010455800000	0	0	0	0	0	lidar	0	-5.4119	0.2694	-5.2312	0.2884	0.7604	-0.6495
1477010456200000	0	0	0	0	0	radar	6.95323e-310	-4.48417	0.0156621	-4.9097	0.0509	0.8358	-0.549
1477010456600000	0	0	0	0	0	lidar	0	-4.5237	-0.0838	-4.5609	-0.1444	0.898	-0.44
1477010457000000	0	0	0	0	0	radar	6.95323e-310	-3.67346	-0.125286	-4.1904	-0.2945	0.9461	-0.3239
1477010457400000	0	0	0	0	0	lidar	0	-3.8762	-0.4827	-3.804	-0.397	0.9792	-0.2028
1477010457800000	0	0	0	0	0	radar	6.95323e-310	-3.36003	-0.538423	-3.4079	-0.4502	0.9969	-0.0785
1477010458200000	0	0	0	0	0	lidar	0	-2.9409	-0.5671	-3.0081	-0.4533	0.9989	0.0471
1477010458600000	0	0	0	0	0	radar	6.95323e-310	-2.40879	-0.341645	-2.6112	-0.4063	0.9851	0.1719
1477010459000000	0	0	0	0	0	lidar	0	-1.9597	0.0068	-2.2232	-0.31	0.9558	0.294
1477010459400000	0	0	0	0	0	radar	6.95323e-310	-1.98561	-0.146391	-1.8504	-0.1657	0.9114	0.4115
1477010459800000	0	0	0	0	0	lidar	0	-1.4713	0.1715	-1.4986	0.0241	0.8527	0.5225
1477010460200000	0	0	0	0	0	radar	6.95323e-310	-1.09197	0.2031	-1.1734	0.2565	0.7804	0.6252
1477010460600000	0	0	0	0	0	lidar	0	-0.9137	0.1283	-0.8798	0.5278	0.6959	0.7181
1477010461000000	0	0	0	0	0	radar	6.95323e-310	-0.413339	0.507078	-0.6226	0.8338	0.6004	0.7997
1477010461400000	0	0	0	0	0	lidar	0	-0.593	0.8308	-0.4058	1.1697	0.4955	0.8686
1477010461800000	0	0	0	0	0	radar	6.95323e-310	-0.188104	1.17453	-0.2327	1.53	0.3827	0.9239
1477010462200000	0	0	0	0	0	lidar	0	-0.1478	1.9492	-0.1062	1.9092	0.2639	0.9645
1477010462600000	0	0	0	0	0	radar	6.95323e-310	0.0092188	2.88419	-0.0282	2.3013	0.1409	0.99
1477010463000000	0	0	0	0	0	lidar	0	0.0602	2.7378	0	2.7	0.0157	0.9999
1477010463400000	0	0	0	0	0	radar	6.95323e-310	0.0359984	3.3036	0.011	3.0997	0.0785	0.9969
1477010463800000	0	0	0	0	0	lidar	0	0.0805	3.4643	0.0704	3.4949	0.2028	0.9792
1477010464200000	0	0	0	0	0	radar	6.95323e-310	0.23967	3.45309	0.1789	3.8797	0.324	0.9461
1477010464600000	0	0	0	0	0	lidar	0	0.3965	4.1721	0.3348	4.2478	0.44	0.898
1477010465000000	0	0	0	0	0	radar	6.95323e-310	0.512673	4.95997	0.5356	4.5934	0.5491	0.8358
1477010465400000	0	0	0	0	0	lidar	0	0.7142	4.8316	0.7781	4.9112	0.6495	0.7604
1477010465800000	0	0	0	0	0	radar	6.95323e-310	0.983655	5.10377	1.0585	5.1961	0.7397	0.673
1477010466200000	0	0	0	0	0	lidar	0	1.4412	5.5957	1.3724	5.4436	0.8182	0.575
1477010466600000	0	0	0	0	0	radar	6.95323e-310	1.7163	5.77256	1.7149	5.6497	0.8838	0.4679
1477010467000000	0	0	0	0	0	lidar	0	2.3048	5.7063	2.0805	5.8114	0.9355	0.3534
1477010467400000	0	0	0	0	0	radar	6.95323e-310	2.47614	5.98306	2.4635	5.9259	0.9724	0.2334
1477010467800000	0	0	0	0	0	lidar	0	2.8408	6.0058	2.8578	5.9915	0.994	0.1097
1477010468200000	0	0	0	0	0	radar	6.95323e-310	3.31274	5.77916	3.2572	6.0072	0.9999	-0.0157
1477010468600000	0	0	0	0	0	lidar	0	3.7798	5.9061	3.6555	5.9727	0.99	-0.1409
1477010469000000	0	0	0	0	0	radar	6.95323e-310	4.06246	5.66529	4.0463	5.8886	0.9646	-0.2639
1477010469400000	0	0	0	0	0	lidar	0	4.1728	5.6447	4.4234	5.7562	0.9239	-0.3827
1477010469800000	0	0	0	0	0	radar	6.95323e-310	5.03581	5.72203	4.781	5.5775	0.8686	-0.4955
1477010470200000	0	0	0	0	0	lidar	0	5.1557	5.4226	5.1134	5.3554	0.7997	-0.6004
1477010470600000	0	0	0	0	0	radar	6.95323e-310	5.56653	4.93964	5.4153	5.0934	0.7181	-0.6959
1477010471000000	0	0	0	0	0	lidar	0	5.78	4.9112	5.682	4.7956	0.6252	-0.7804
1477010471400000	0	0	0	0	0	radar	6.95323e-310	5.91998	4.36276	5.9093	4.4668	0.5225	-0.8527
1477010471800000	0	0	0	0	0	lidar	0	6.0711	4.0664	6.0936	4.1121	0.4115	-0.9114
1477010472200000	0	0	0	0	0	radar	6.95323e-310	5.88233	3.68301	6.2319	3.737	0.294	-0.9558
1477010472600000	0	0	0	0	0	lidar	0	6.2572	3.1026	6.3222	3.3476	0.1719	-0.9851
1477010473000000	0	0	0	0	0	radar	6.95323e-310	6.4807	2.7967	6.3629	2.95	0.0471	-0.9989
1477010473400000	0	0	0	0	0	lidar	0	6.4795	2.4222	6.3535	2.5503	-0.0785	-0.9969
1477010473800000	0	0	0	0	0	radar	6.95323e-310	5.61551	1.93978	6.2941	2.155	-0.2028	-0.9792
1477010474200000	0	0	0	0	0	lidar	0	6.1662	1.6815	6.1856	1.7703	-0.3239	-0.9461
1477010474600000	0	0	0	0	0	radar	6.95323e-310	5.86012	1.54512	6.0297	1.4022	-0.44	-0.898
1477010475000000	0	0	0	0	0	lidar	0	5.8135	1.0426	5.8289	1.0565	-0.549	-0.8358
1477010475400000	0	0	0	0	0	radar	6.95323e-310	5.55385	0.996293	5.5864	0.7388	-0.6495	-0.7604
1477010475800000	0	0	0	0	0	lidar	0	5.5622	0.5201	5.306	0.4539	-0.7396	-0.673
1477010476200000	0	0	0	0	0	radar	6.95323e-310	4.74309	-0.115754	4.992	0.2064	-0.8182	-0.575
1477010476600000	0	0	0	0	0	lidar	0	4.3463	-0.003	4.6496	0.0002	-0.8838	-0.4679
1477010477000000	0	0	0	0	0	radar	6.95323e-310	4.7032	-0.498037	4.284	-0.1614	-0.9354	-0.3535
1477010477400000	0	0	0	0	0	lidar	0	3.8151	-0.4356	3.901	-0.2759	-0.9724	-0.2334
1477010477800000	0	0	0	0	0	radar	6.95323e-310	3.36624	-0.553263	3.5067	-0.3416	-0.994	-0.1097
1477010478200000	0	0	0	0	0	lidar	0	3.1208	-0.3364	3.1072	-0.3573	-0.9999	0.0157
1477010478600000	0	0	0	0	0	radar	6.95323e-310	2.44122	-0.206038	2.709	-0.3228	-0.99	0.1409
1477010479000000	0	0	0	0	0	lidar	0	2.2269	-0.0266	2.3182	-0.2386	-0.9646	0.2639
1477010479400000	0	0	0	0	0	radar	6.95323e-310	2.4582	-0.0663876	1.941	-0.1062	-0.9239	0.3827
1477010479800000	0	0	0	0	0	lidar	0	1.5391	0.2	1.5835	0.0725	-0.8686	0.4955
1477010480200000	0	0	0	0	0	radar	6.95323e-310	1.7038	0.346619	1.2511	0.2946	-0.7997	0.6004
1477010480600000	0	0	0	0	0	lidar	0	1.0299	0.4643	0.9492	0.5566	-0.7181	0.6959
1477010481000000	0	0	0	0	0	radar	6.95323e-310	0.75511	0.997026	0.6825	0.8543	-0.6252	0.7804
1477010481400000	0	0	0	0	0	lidar	0	0.6323	0.9513	0.4552	1.1832	-0.5225	0.8526
1477010481800000	0	0	0	0	0	radar	6.95323e-310	0.202827	1.56239	0.2709	1.5379	-0.4115	0.9114
1477010482200000	0	0	0	0	0	lidar	0	0.168	1.9227	0.1326	1.9129	-0.294	0.9558
1477010482600000	0	0	0	0	0	radar	6.95323e-310	-0.00697908	2.58129	0.0423	2.3024	-0.1719	0.9851
1477010483000000	0	0	0	0	0	lidar	0	-0.117	2.5751	0.0016	2.7	-0.0471	0.9989
