L	-0.0330	3.0016	1477010443000000	0.0000	2.7500	0.0000	1.0000
R	3.1867	1.5924	0.3938	1477010443400000	-0.0220	3.0991	-0.1097	0.9940
L	0.0768	3.3357	1477010443800000	-0.0938	3.4924	-0.2334	0.9724
R	4.4840	1.6444	1.0233	1477010444200000	-0.2143	3.8735	-0.3535	0.9354
L	-0.3734	4.2343	1477010444600000	-0.3817	4.2365	-0.4679	0.8838
R	4.1266	1.7437	1.0777	1477010445000000	-0.5932	4.5757	-0.5750	0.8181
L	-0.9279	4.8202	1477010445400000	-0.8456	4.8857	-0.6730	0.7396
R	5.1567	1.7719	0.9825	1477010445800000	-1.1348	5.1616	-0.7604	0.6494
L	-1.4703	5.3894	1477010446200000	-1.4564	5.3991	-0.8358	0.5490
R	5.8000	1.8529	0.7871	1477010446600000	-1.8051	5.5945	-0.8980	0.4399
L	-2.3561	5.5926	1477010447000000	-2.1756	5.7445	-0.9461	0.3239
R	6.4110	1.9517	0.7010	1477010447400000	-2.5620	5.8470	-0.9792	0.2028
L	-2.8016	5.8257	1477010447800000	-2.9582	5.9002	-0.9969	0.0785
R	7.0480	2.1027	0.0422	1477010448200000	-3.3579	5.9033	-0.9989	-0.0471
L	-3.5739	6.0411	1477010448600000	-3.7549	5.8563	-0.9851	-0.1719
R	7.1074	2.1796	0.1891	1477010449000000	-4.1429	5.7600	-0.9558	-0.2940
L	-4.5402	5.3349	1477010449400000	-4.5157	5.6157	-0.9114	-0.4115
R	7.2970	2.2306	-0.1645	1477010449800000	-4.8675	5.4259	-0.8526	-0.5225
L	-5.1263	5.0933	1477010450200000	-5.1927	5.1935	-0.7804	-0.6252
R	6.1850	2.4151	0.0112	1477010450600000	-5.4863	4.9222	-0.6959	-0.7181
L	-6.1294	4.7343	1477010451000000	-5.7435	4.6162	-0.6004	-0.7997
R	7.5049	2.5137	0.1277	1477010451400000	-5.9603	4.2804	-0.4955	-0.8686
L	-5.9281	3.9410	1477010451800000	-6.1333	3.9200	-0.3827	-0.9239
R	7.3870	2.6155	-0.9142	1477010452200000	-6.2599	3.5408	-0.2639	-0.9646
L	-6.1422	2.7882	1477010452600000	-6.3378	3.1487	-0.1409	-0.9900
R	6.7139	2.7518	-0.1300	1477010453000000	-6.3661	2.7500	-0.0157	-0.9999
L	-6.2730	2.3835	1477010453400000	-6.3441	2.3509	0.1097	-0.9940
R	6.1539	2.7579	-0.4765	1477010453800000	-6.2723	1.9576	0.2334	-0.9724
L	-5.8715	1.4970	1477010454200000	-6.1518	1.5765	0.3535	-0.9355
R	6.1042	2.8925	-0.6112	1477010454600000	-5.9844	1.2135	0.4679	-0.8838
L	-6.1400	0.7636	1477010455000000	-5.7729	0.8743	0.5750	-0.8182
R	5.4556	3.0435	-0.4196	1477010455400000	-5.5205	0.5643	0.6730	-0.7396
L	-5.4119	0.2694	1477010455800000	-5.2312	0.2884	0.7604	-0.6495
R	4.4842	3.1381	-1.4006	1477010456200000	-4.9097	0.0509	0.8358	-0.5490
L	-4.5237	-0.0838	1477010456600000	-4.5609	-0.1444	0.8980	-0.4400
R	3.6756	-3.1075	-1.3472	1477010457000000	-4.1904	-0.2945	0.9461	-0.3239
L	-3.8762	-0.4827	1477010457400000	-3.8040	-0.3970	0.9792	-0.2028
R	3.4029	-2.9827	-1.6027	1477010457800000	-3.4079	-0.4502	0.9969	-0.0785
L	-2.9409	-0.5671	1477010458200000	-3.0081	-0.4533	0.9989	0.0471
R	2.4329	-3.0007	-1.0855	1477010458600000	-2.6112	-0.4063	0.9851	0.1719
L	-1.9597	0.0068	1477010459000000	-2.2232	-0.3100	0.9558	0.2940
R	1.9910	-3.0680	-0.9042	1477010459400000	-1.8504	-0.1657	0.9114	0.4115
L	-1.4713	0.1715	1477010459800000	-1.4986	0.0241	0.8527	0.5225
R	1.1107	2.9577	-0.3675	1477010460200000	-1.1734	0.2565	0.7804	0.6252
L	-0.9137	0.1283	1477010460600000	-0.8798	0.5278	0.6959	0.7181
R	0.6542	2.2547	0.0606	1477010461000000	-0.6226	0.8338	0.6004	0.7997
L	-0.5930	0.8308	1477010461400000	-0.4058	1.1697	0.4955	0.8686
R	1.1895	1.7296	0.5554	1477010461800000	-0.2327	1.5300	0.3827	0.9239
L	-0.1478	1.9492	1477010462200000	-0.1062	1.9092	0.2639	0.9645
R	2.8842	1.5676	0.9437	1477010462600000	-0.0282	2.3013	0.1409	0.9900
L	0.0602	2.7378	1477010463000000	0.0000	2.7000	0.0157	0.9999
R	3.3038	1.5599	0.5560	1477010463400000	0.0110	3.0997	0.0785	0.9969
L	0.0805	3.4643	1477010463800000	0.0704	3.4949	0.2028	0.9792
R	3.4614	1.5015	1.4004	1477010464200000	0.1789	3.8797	0.3240	0.9461
L	0.3965	4.1721	1477010464600000	0.3348	4.2478	0.4400	0.8980
R	4.9864	1.4678	0.9352	1477010465000000	0.5356	4.5934	0.5491	0.8358
L	0.7142	4.8316	1477010465400000	0.7781	4.9112	0.6495	0.7604
R	5.1977	1.3804	0.7140	1477010465800000	1.0585	5.1961	0.7397	0.6730
L	1.4412	5.5957	1477010466200000	1.3724	5.4436	0.8182	0.5750
R	6.0223	1.2818	0.6831	1477010466600000	1.7149	5.6497	0.8838	0.4679
L	2.3048	5.7063	1477010467000000	2.0805	5.8114	0.9355	0.3534
R	6.4752	1.1784	0.6816	1477010467400000	2.4635	5.9259	0.9724	0.2334
L	2.8408	6.0058	1477010467800000	2.8578	5.9915	0.9940	0.1097
R	6.6613	1.0503	1.0058	1477010468200000	3.2572	6.0072	0.9999	-0.0157
L	3.7798	5.9061	1477010468600000	3.6555	5.9727	0.9900	-0.1409
R	6.9713	0.9487	0.6914	1477010469000000	4.0463	5.8886	0.9646	-0.2639
L	4.1728	5.6447	1477010469400000	4.4234	5.7562	0.9239	-0.3827
R	7.6224	0.8491	0.3977	1477010469800000	4.7810	5.5775	0.8686	-0.4955
L	5.1557	5.4226	1477010470200000	5.1134	5.3554	0.7997	-0.6004
R	7.4422	0.7258	-0.0716	1477010470600000	5.4153	5.0934	0.7181	-0.6959
L	5.7800	4.9112	1477010471000000	5.6820	4.7956	0.6252	-0.7804
R	7.3539	0.6351	-0.2554	1477010471400000	5.9093	4.4668	0.5225	-0.8527
L	6.0711	4.0664	1477010471800000	6.0936	4.1121	0.4115	-0.9114
R	6.9402	0.5594	0.2087	1477010472200000	6.2319	3.7370	0.2940	-0.9558
L	6.2572	3.1026	1477010472600000	6.3222	3.3476	0.1719	-0.9851
R	7.0584	0.4074	-0.4600	1477010473000000	6.3629	2.9500	0.0471	-0.9989
L	6.4795	2.4222	1477010473400000	6.3535	2.5503	-0.0785	-0.9969
R	5.9411	0.3326	-0.5079	1477010473800000	6.2941	2.1550	-0.2028	-0.9792
L	6.1662	1.6815	1477010474200000	6.1856	1.7703	-0.3239	-0.9461
R	6.0604	0.2578	-0.0389	1477010474600000	6.0297	1.4022	-0.4400	-0.8980
L	5.8135	1.0426	1477010475000000	5.8289	1.0565	-0.5490	-0.8358
R	5.6425	0.1775	-0.5712	1477010475400000	5.5864	0.7388	-0.6495	-0.7604
L	5.5622	0.5201	1477010475800000	5.3060	0.4539	-0.7396	-0.6730
R	4.7445	-0.0244	-1.2862	1477010476200000	4.9920	0.2064	-0.8182	-0.5750
L	4.3463	-0.0030	1477010476600000	4.6496	0.0002	-0.8838	-0.4679
R	4.7295	-0.1055	-1.2220	1477010477000000	4.2840	-0.1614	-0.9354	-0.3535
L	3.8151	-0.4356	1477010477400000	3.9010	-0.2759	-0.9724	-0.2334
R	3.4114	-0.1629	-1.2460	1477010477800000	3.5067	-0.3416	-0.9940	-0.1097
L	3.1208	-0.3364	1477010478200000	3.1072	-0.3573	-0.9999	0.0157
R	2.4499	-0.0842	-0.9694	1477010478600000	2.7090	-0.3228	-0.9900	0.1409
L	2.2269	-0.0266	1477010479000000	2.3182	-0.2386	-0.9646	0.2639
R	2.4591	-0.0270	-0.8412	1477010479400000	1.9410	-0.1062	-0.9239	0.3827
L	1.5391	0.2000	1477010479800000	1.5835	0.0725	-0.8686	0.4955
R	1.7387	0.2007	-0.7471	1477010480200000	1.2511	0.2946	-0.7997	0.6004
L	1.0299	0.4643	1477010480600000	0.9492	0.5566	-0.7181	0.6959
R	1.2507	0.9226	0.2372	1477010481000000	0.6825	0.8543	-0.6252	0.7804
L	0.6323	0.9513	1477010481400000	0.4552	1.1832	-0.5225	0.8526
R	1.5755	1.4417	0.5143	1477010481800000	0.2709	1.5379	-0.4115	0.9114
L	0.1680	1.9227	1477010482200000	0.1326	1.9129	-0.2940	0.9558
R	2.5813	1.5735	0.4746	1477010482600000	0.0423	2.3024	-0.1719	0.9851
L	-0.1170	2.5751	1477010483000000	0.0016	2.7000	-0.0471	0.9989
